void setup() {
  size(400,400);
  
  background(#3498DB);
   }
   
   void draw() {
     noStroke();
     fill(#2980B9);
     for(int i = 0; i<width+45; i = i+45) {
       //println(); kontrol etmek için 
        for(int k = 0; k<width+45; k = k+45) {
      ellipse(i,0+k,30,30);
        }
      
       
       
       
       /*ellipse(i,45,30,30);
       ellipse(i,90,30,30);
       ellipse(i,135,30,30);
       ellipse(i,180,30,30);
       ellipse(i,225,30,30);
       ellipse(i,270,30,30);
       ellipse(i,315,30,30);
       ellipse(i,360,30,30);
       ellipse(i,405,30,30);*/
       
    }       
       strokeWeight(7);
       stroke(#2980B9);
       line(0,1000,0,0);
       line(45,1000,45,0);
       line(90,1000,90,0);
       line(135,1000,135,0);
       line(180,1000,180,0);
       line(225,1000,225,0);
       line(270,1000,270,0);
       line(315,1000,315,0);
       line(360,1000,360,0);       
       line(0,0,900,0);
       line(0,45,900,45);
       line(0,90,900,90);
       line(0,135,900,135);
       line(0,180,900,180);
       line(0,225,900,225);
       line(0,270,900,270);
       line(0,315,900,315);
       line(0,360,900,360);
       
            
       

      
      // 1.Sıra
       noStroke();
       fill(#2980B9);
       rect(19,19,10,10);
       rect(63,19,10,10);
       rect(108,19,10,10);
       rect(153,19,10,10);
       rect(198,19,10,10);
       rect(243,19,10,10);
       rect(288,19,10,10);
       rect(333,19,10,10);
       rect(378,19,10,10);
       
       //2. Sıra
       rect(19,64,10,10);
       rect(63,64,10,10);
       rect(108,64,10,10);
       rect(153,64,10,10);
       rect(198,64,10,10);
       rect(243,64,10,10);
       rect(288,64,10,10);
       rect(333,64,10,10);
       rect(378,64,10,10);
       
      //3. Sıra
       rect(19,109,10,10);
       rect(63,109,10,10);
       rect(108,109,10,10);
       rect(153,109,10,10);
       rect(198,109,10,10);
       rect(243,109,10,10);
       rect(288,109,10,10);
       rect(333,109,10,10);
       rect(378,109,10,10);
       
       //4. Sıra
                
       rect(19,154,10,10);
       rect(63,154,10,10);
       rect(108,154,10,10);
       rect(153,154,10,10);
       rect(198,154,10,10);
       rect(243,154,10,10);
       rect(288,154,10,10);
       rect(333,154,10,10);
       rect(378,154,10,10);
              
       
       // 5. Sıra
       rect(19,199,10,10);
       rect(63,199,10,10);
       rect(108,199,10,10);
       rect(153,199,10,10);
       rect(198,199,10,10);
       rect(243,199,10,10);
       rect(288,199,10,10);
       rect(333,199,10,10);
       rect(378,199,10,10);
       
       //6. Sıra
       rect(19,244,10,10);
       rect(63,244,10,10);
       rect(108,244,10,10);
       rect(153,244,10,10);
       rect(198,244,10,10);
       rect(243,244,10,10);
       rect(288,244,10,10);
       rect(333,244,10,10);
       rect(378,244,10,10);
       
       //7. Sıra
       
       rect(19,289,10,10);
       rect(63,289,10,10);
       rect(108,289,10,10);
       rect(153,289,10,10);
       rect(198,289,10,10);
       rect(243,289,10,10);
       rect(288,289,10,10);
       rect(333,289,10,10);
       rect(378,289,10,10);
       
       //8. Sıra
       
       rect(19,334,10,10);
       rect(63,334,10,10);
       rect(108,334,10,10);
       rect(153,334,10,10);
       rect(198,334,10,10);
       rect(243,334,10,10);
       rect(288,334,10,10);
       rect(333,334,10,10);
       rect(378,334,10,10);
       
       //9. Sıra
       
       rect(19,379,10,10);
       rect(63,379,10,10);
       rect(108,379,10,10);
       rect(153,379,10,10);
       rect(198,379,10,10);
       rect(243,379,10,10);
       rect(288,379,10,10);
       rect(333,379,10,10);
       rect(378,379,10,10);
       
       
   }

     
   

       
